1.) Fitness :
[7.33, 6.72, 1.32, 0.21659865620388738]
[17.29, 5.21, 0.27, -1]
[5.71, 8.09, 1.71, 0.1720889719451045]
[16.69, 4.25, 0.83, 0.14610608445876141]
[6.54, 2.01, 1.25, 0.16677603117487455]
[17.9, 1.05, 0.42, -1]
[14.06, 5.25, 1.46, 0.20327025008719307]
[11.5, 3.62, 2.02, 0.21094145481310175]
[13.32, 5.56, 1.83, 0.17583155342468054]
[8.88, 6.92, 1.08, 0.22688025046976038]
[5.58, 5.23, 0.31, 0.15979308341012805]
[9.44, 7.86, 0.44, 0.1437081459822304]
[5.4, 3.54, 1.15, 0.20009610924511248]
[4.18, 5.79, 2.35, 0.16594991057429764]
[7.3, 4.48, 0.32, 0.09016366862629373]
[12.05, 7.57, 1.93, 0.17661515319615975]
[10.83, 2.18, 0.34, -1]
[3.47, 8.16, 2.31, 0.1373181223149126]
[13.69, 5.51, 1.28, 0.20019954167948736]
[12.36, 2.87, 1.31, 0.21672967278464145]
[12.97, 7.09, 1.11, 0.19874644907476546]
[7.61, 7.88, 0.35, 0.13891669452019995]
[13.9, 9.22, 0.42, 0.0701592051831049]
[9.04, 7.58, 2.17, 0.1715312113717809]
[8.06, 9.32, 0.96, 0.20948379137443293]
[4.68, 4.22, 0.44, 0.15230280094633292]
[15.64, 8.38, 0.56, 0.10061897557043113]
[3.92, 6.72, 1.43, 0.18763143289920836]
[16.27, 1.79, 0.67, 0.04374555624989256]
[16.52, 5.95, 0.68, 0.11955677929838318]
[3.25, 9.32, 2.13, 0.1307899280997053]
[8.73, 4.98, 0.91, 0.2743241819036053]
[2.88, 3.3, 0.53, 0.09375172597893862]
[9.57, 4.12, 2.2, 0.20900186884784228]
[12.68, 3.89, 1.94, 0.20962188820684344]
[15.88, 3.89, 1.91, 0.12386049844218186]
[4.73, 6.29, 1.73, 0.1874925598223693]
[5.16, 6.21, 0.48, 0.20359700937858763]
[14.69, 5.89, 2.05, 0.13330670492466654]
[13.42, 5.32, 0.93, 0.22451718832452755]
[3.88, 3.29, 2.3, 0.13303432128396814]
[10.59, 6.97, 2.15, 0.17677716522251757]
[3.95, 4.78, 1.23, 0.1756006267260208]
[12.49, 6.1, 2.05, 0.17701288056660075]
[4.25, 1.5, 1.24, 0.04226749194918252]
[15.26, 1.29, 1.14, 0.18682718100526488]
[15.13, 5.12, 1.08, 0.19097097556369785]
[10.78, 9.32, 0.51, 0.1516646780604677]
[14.84, 8.03, 1.11, 0.19411035520028128]
[12.11, 6.05, 2.07, 0.1773746996974736]
[12.11, 6.05, 2.07, 0.1773746996974736]




SORTED FITNESS: 
[17.29, 5.21, 0.27, -1]
[17.9, 1.05, 0.42, -1]
[10.83, 2.18, 0.34, -1]
[4.25, 1.5, 1.24, 0.04226749194918252]
[16.27, 1.79, 0.67, 0.04374555624989256]
[13.9, 9.22, 0.42, 0.0701592051831049]
[7.3, 4.48, 0.32, 0.09016366862629373]
[2.88, 3.3, 0.53, 0.09375172597893862]
[15.64, 8.38, 0.56, 0.10061897557043113]
[16.52, 5.95, 0.68, 0.11955677929838318]
[15.88, 3.89, 1.91, 0.12386049844218186]
[3.25, 9.32, 2.13, 0.1307899280997053]
[3.88, 3.29, 2.3, 0.13303432128396814]
[14.69, 5.89, 2.05, 0.13330670492466654]
[3.47, 8.16, 2.31, 0.1373181223149126]
[7.61, 7.88, 0.35, 0.13891669452019995]
[9.44, 7.86, 0.44, 0.1437081459822304]
[16.69, 4.25, 0.83, 0.14610608445876141]
[10.78, 9.32, 0.51, 0.1516646780604677]
[4.68, 4.22, 0.44, 0.15230280094633292]
[5.58, 5.23, 0.31, 0.15979308341012805]
[4.18, 5.79, 2.35, 0.16594991057429764]
[6.54, 2.01, 1.25, 0.16677603117487455]
[9.04, 7.58, 2.17, 0.1715312113717809]
[5.71, 8.09, 1.71, 0.1720889719451045]
[3.95, 4.78, 1.23, 0.1756006267260208]
[13.32, 5.56, 1.83, 0.17583155342468054]
[12.05, 7.57, 1.93, 0.17661515319615975]
[10.59, 6.97, 2.15, 0.17677716522251757]
[12.49, 6.1, 2.05, 0.17701288056660075]
[12.11, 6.05, 2.07, 0.1773746996974736]
[15.26, 1.29, 1.14, 0.18682718100526488]
[4.73, 6.29, 1.73, 0.1874925598223693]
[3.92, 6.72, 1.43, 0.18763143289920836]
[15.13, 5.12, 1.08, 0.19097097556369785]
[14.84, 8.03, 1.11, 0.19411035520028128]
[12.97, 7.09, 1.11, 0.19874644907476546]
[5.4, 3.54, 1.15, 0.20009610924511248]
[13.69, 5.51, 1.28, 0.20019954167948736]
[14.06, 5.25, 1.46, 0.20327025008719307]
[5.16, 6.21, 0.48, 0.20359700937858763]
[9.57, 4.12, 2.2, 0.20900186884784228]
[8.06, 9.32, 0.96, 0.20948379137443293]
[12.68, 3.89, 1.94, 0.20962188820684344]
[11.5, 3.62, 2.02, 0.21094145481310175]
[7.33, 6.72, 1.32, 0.21659865620388738]
[12.36, 2.87, 1.31, 0.21672967278464145]
[13.42, 5.32, 0.93, 0.22451718832452755]
[8.88, 6.92, 1.08, 0.22688025046976038]
[8.73, 4.98, 0.91, 0.2743241819036053]
[8.73, 4.98, 0.91, 0.2743241819036053]




TWO BEST: 
[8.73, 4.98, 0.91, 0.2743241819036053]
[8.88, 6.92, 1.08, 0.22688025046976038]
[8.88, 6.92, 1.08, 0.22688025046976038]




TWO BEST After: 
[8.73, 4.98, 0.91, 0.2743241819036053]
[8.88, 6.92, 1.08, 0.22688025046976038]
[8.88, 6.92, 1.08, 0.22688025046976038]




